encog,BasicNetwork,java,3.3.0,1,1500442626909
[BASIC]
[BASIC:PARAMS]
[BASIC:NETWORK]
beginTraining=0
connectionLimit=0
contextTargetOffset=0,0,0
contextTargetSize=0,0,0
endTraining=2
hasContext=f
inputCount=11
layerCounts=1,7,12
layerFeedCounts=1,6,11
layerContextCount=0,0,0
layerIndex=0,1,8
output=0.008270941,0.9719164604,0.0886684292,0.1583040074,0.9996187096,0.514891261,0.0121270662,1,0.045543064,0.0328563262,0.03328125,0.0540891768,0.0036394817,0.0021303354,0.0019778963,0.0352057927,0.1353467988,0,0.1316712115,1
outputCount=1
weightIndex=0,7,79
weights=-1.1674358111,-0.790491774,-2.7892579742,-1.4234277097,-0.7591652988,-1.2044625819,-1.3120300546,1.3220878795,-2.663368945,1.9234557607,-10.8749745305,-0.421678424,-7.3989451038,1.5604352185,3.6831289098,0.6012765127,6054.0282532578,-3.3429090463,4.3389133304,3.7392298009,-1.0168032032,-1.1836401115,-2.2410967812,-0.1829301349,0.1822708147,0.1575225593,-0.0017641852,-10.8576892355,1.7089805419,-0.7075592653,-0.7435316735,5.9139790041,-0.0221380981,9.2174572889,-1.3908759019,-0.6459495101,8.1558173277,13.2392497976,1.1023953511,-16.6032437218,-0.0952431351,0.0491821544,-0.0103523865,104.7164324154,-6.689222457,2.0906806081,-10.1686324248,1.2174454903,-11.7119930987,-83.5591880758,2.8731837153,0.7090339869,6513.0405655788,-0.5526504484,3.8641173589,5.00009158,-3.1046883743,0.5769935676,-11.089205791,-0.180115886,-7.7041415882,-5.6731029693,-0.453134519,-3.3594536281,8.3616480726,-0.843961489,1.124533203,7.0057662143,-12.3392308703,0.0056983336,-27.0252235146,-1174.8078133867,-8.0096968188,1.1388356374,0.1224243057,-2.9290959144,-3.8454704814,0.5142952188,1.7627441569
biasActivation=0,1,1
[BASIC:ACTIVATION]
"org.encog.engine.network.activation.ActivationSigmoid"
"org.encog.engine.network.activation.ActivationSigmoid"
"org.encog.engine.network.activation.ActivationLinear"
