encog,BasicNetwork,java,3.3.0,1,1500442563901
[BASIC]
[BASIC:PARAMS]
[BASIC:NETWORK]
beginTraining=0
connectionLimit=0
contextTargetOffset=0,0,0
contextTargetSize=0,0,0
endTraining=2
hasContext=f
inputCount=11
layerCounts=1,7,12
layerFeedCounts=1,6,11
layerContextCount=0,0,0
layerIndex=0,1,8
output=0.1576703229,0.3895844767,0.7085500215,0.246076378,0.1694104497,0.2114262225,0.2566195606,1,0.045543064,0.0328563262,0.03328125,0.0540891768,0.0036394817,0.0021303354,0.0019778963,0.0352057927,0.1353467988,0,0.1316712115,1
outputCount=1
weightIndex=0,7,79
weights=-0.4087962907,-0.4568194023,-1.1722479135,-1.8561198094,-1.5406597628,-1.8679591509,0.21527424,0.8984749701,10.2106591283,35.5095955272,-30.8337153863,-8.6554537952,-1.5304637614,65.6124712824,1.2175699499,-3.3407523951,-2.060399142,-2.8851280098,0.3546733506,62.4485784638,-1.1922886185,2.4686466673,-31.3742122253,-79.0962614457,-15.5330210033,104.1936150314,0.213655764,-2.0347668873,-18.4744184948,1.7681293503,-0.1517861484,10.1417607468,1.7700201049,2.6168564169,0.5139943684,-1.0821035101,-7.5106172832,-0.178790017,0.3609938297,-24.0490435166,17.6727404728,0.7689208096,1.4067132028,20.764265386,1.5288187545,6.0044978776,0.4631814809,249.759888448,-40.7483111724,-82.5380416605,1.4086163917,-28.067661097,-7.7524120384,0.4726643063,0.217501835,8.3343742985,1.107361732,2.0085609833,-31.7523099768,-111.0541667699,-9.8038485615,2.8663075324,0.2029697279,-4.5649089252,-0.1340487628,-3.8264590242,1.4522326771,6.0727395333,6.063992725,7.9442323143,10.622623164,-0.7550115858,8.9424290972,0.5631812944,-1.0799849731,-16.2328512286,0.3227720776,1.6787054935,-0.3817553253
biasActivation=0,1,1
[BASIC:ACTIVATION]
"org.encog.engine.network.activation.ActivationSigmoid"
"org.encog.engine.network.activation.ActivationSigmoid"
"org.encog.engine.network.activation.ActivationLinear"
