encog,BasicNetwork,java,3.3.0,1,1500442689908
[BASIC]
[BASIC:PARAMS]
[BASIC:NETWORK]
beginTraining=0
connectionLimit=0
contextTargetOffset=0,0,0
contextTargetSize=0,0,0
endTraining=2
hasContext=f
inputCount=11
layerCounts=1,7,12
layerFeedCounts=1,6,11
layerContextCount=0,0,0
layerIndex=0,1,8
output=0.0070534723,0.0008149438,0.9061473828,0,0,0,0.1594494974,1,0.045543064,0.0328563262,0.03328125,0.0540891768,0.0036394817,0.0021303354,0.0019778963,0.0352057927,0.1353467988,0,0.1316712115,1
outputCount=1
weightIndex=0,7,79
weights=-1.489484501,-3.3243878592,-1097.4852428725,-2.8671451271,-0.9204827158,-2.4108921812,-1.549142038,-165.4770123862,-3.8554909109,-6.2596595919,-9.5208329274,-114.1285691268,-8.1078866518,-42.6868874196,2.2212554895,-2.5214610048,3.3743720127,-2.6093680851,2.3984554796,0.7594141262,-68.4830401824,-15.5487949918,-24.584476738,-75.6565787683,-42.1487714199,1412.9959754994,2.3948869792,2.0459258064,-0.0145124437,-3.6922093372,4.0255452794,-683.0789269239,-4786.5397638937,-0.6676883578,-5247.5888602673,-17.8703389689,-212.048128991,-0.7740677048,-1.3175222191,-429.3022778607,449.6362429523,-616.9399879555,0.4249840425,-14966.8219264812,-16073.0347307434,-1.7590045583,-15775.1385943691,-4.8168024803,-1359.5564826722,-1.0032039898,-0.0009582872,-10790.1749113152,1254.5997811809,-6826.8015318471,0.7452234916,-16510.4530551313,-18729.9395203745,-1.5482986592,-19354.4777621478,-1.1433750255,-17.5445409166,-0.7057130767,0.0947203356,-11959.0934801054,-0.3786322568,-10038.4243754343,-1.2287379937,34.3990846636,-15.4864616773,23.9544520498,-14.5285257197,-6.9596047888,62.0098937935,-19.8479344884,-0.3093828703,-23.7848985612,-0.3219591507,-0.2666659709,0.4661594365
biasActivation=0,1,1
[BASIC:ACTIVATION]
"org.encog.engine.network.activation.ActivationSigmoid"
"org.encog.engine.network.activation.ActivationSigmoid"
"org.encog.engine.network.activation.ActivationLinear"
